0
10000
10000
10000
20000
20000
30000
30000
30000
30000
40000
50000
40000
60000
50000
60000
70000
60000
60000
70000
80000
70000
90000
80000
90000
80000
100000
100000
100000
100000
110000
110000
130000
120000
120000
140000
130000
140000
140000
140000
150000
160000
170000
160000
160000
170000
160000
170000
180000
170000
180000
170000
180000
190000
190000
200000
210000
210000
210000
220000
230000
230000
220000
240000
230000
240000
250000
250000
270000
260000
260000
270000
270000
280000
280000
280000
280000
310000
300000
300000
310000
310000
300000
330000
310000
320000
330000
330000
330000
340000
340000
340000
340000
350000
360000
350000
350000
370000
410000
